"X.1" "X.2" "y" "delta"
"1" 1 -0.738269729905562 1.7 0
"2" 1 1.00112742848093 1.7 0
"3" 1 -0.320814411892804 0.824818942958079 1
"4" 1 1.34900686015823 1.22724960329204 1
"5" 1 1.5577345191646 0.616429145804558 1
"6" 1 -1.57318036593108 1.7 0
"7" 1 0.0966409061199533 0.79069374584116 1
"8" 1 1.38379480332596 1.07674030186645 1
"9" 1 0.201004735623143 0.769486591387561 1
"10" 1 -0.146874696054155 0.69740267958688 1
"11" 1 1.59252246233233 1.7 0
"12" 1 -0.146874696054155 1.7 0
"13" 1 0.6184600536359 1.25361502014831 1
"14" 1 0.270580621958602 0.438400649885456 1
"15" 1 -1.3644527069247 0.305285233198791 1
"16" 1 1.38379480332596 0.720125147830886 1
"17" 1 -0.877421502576481 0.596190208480674 1
"18" 1 -1.57318036593108 0.441531170953488 1
"19" 1 -0.599117957234642 0.535670727014465 1
"20" 1 1.59252246233233 1.7 0
"21" 1 1.34900686015823 0.351359550651857 1
"22" 1 0.68803593997136 0.594355987003457 1
"23" 1 0.514096224132711 1.13521638782548 1
"24" 1 1.73167423500325 0.349968891501694 1
"25" 1 0.54888416730044 0.443683021150003 1
"26" 1 0.722823883139089 1.7 0
"27" 1 0.166216792455413 0.641649457737026 1
"28" 1 0.340156508294062 0.671731396391661 1
"29" 1 -0.738269729905562 1.7 0
"30" 1 -1.22530093425378 0.432342168838182 1
"31" 1 1.62731040550006 0.721774567148954 1
"32" 1 1.41858274649369 0.645585394414911 1
"33" 1 0.68803593997136 0.864952388713119 1
"34" 1 1.03591537164866 0.407415634778814 1
"35" 1 -1.64275625226654 0.506686829721744 1
"36" 1 -0.0772988097186956 1.7 0
"37" 1 0.896763598977738 0.751313735099558 1
"38" 1 -0.98178533207967 0.432930296866598 1
"39" 1 -0.633905900402372 1.7 0
"40" 1 -0.91220944574421 0.540560813084353 1
"41" 1 -1.22530093425378 1.62018348429581 1
"42" 1 -0.286026468725074 0.421185460840938 1
"43" 1 -0.286026468725074 0.65923933817069 1
"44" 1 -0.459966184563723 1.29754329327332 1
"45" 1 -1.19051299108605 0.508159694014543 1
"46" 1 -1.26008887742151 1.7 0
"47" 1 -0.91220944574421 0.557499724618907 1
"48" 1 -0.112086752886425 1.09818992296259 1
"49" 1 -0.807845616241021 0.468398500018301 1
"50" 1 1.24464303065504 0.250066403692752 1
"51" 1 -1.57318036593108 0.534275984845879 1
"52" 1 -0.181662639221885 0.516430514179935 1
"53" 1 1.03591537164866 0.342274130006574 1
"54" 1 -1.29487682058924 0.493913823056172 1
"55" 1 0.235792678790872 0.419340104073945 1
"56" 1 -1.0165732752474 1.7 0
"57" 1 -1.29487682058924 1.14493087424176 1
"58" 1 0.896763598977738 0.443625289792269 1
"59" 1 1.38379480332596 0.638219159270104 1
"60" 1 -0.425178241395993 0.496940818744123 1
"61" 1 0.58367211046817 0.266995852246726 1
"62" 1 -1.39924065009243 0.892016344770423 1
"63" 1 -0.390390298228264 0.379322419642947 1
"64" 1 -0.773057673073291 0.442824602235739 1
"65" 1 1.10549125798412 1.22619960465295 1
"66" 1 -0.181662639221885 0.37735092130333 1
"67" 1 1.10549125798412 0.233466310422305 1
"68" 1 1.10549125798412 1.7 0
"69" 1 1.03591537164866 0.722271042890147 1
"70" 1 -0.216450582389615 0.355478225058689 1
"71" 1 0.896763598977738 1.7 0
"72" 1 0.444520337797251 0.342061643816432 1
"73" 1 0.757611826306819 0.859309918681999 1
"74" 1 -1.712332138602 1.7 0
"75" 1 -0.0772988097186956 0.783863977293882 1
"76" 1 -0.94699738891194 0.943044136190241 1
"77" 1 -0.425178241395993 0.647070962271733 1
"78" 1 0.409732394629521 1.7 0
"79" 1 -0.494754127731453 0.342720255990601 1
"80" 1 -1.32966476375697 0.434260611019882 1
"81" 1 -0.877421502576481 1.7 0
"82" 1 0.58367211046817 0.648368002963422 1
"83" 1 -0.286026468725074 0.707830115699582 1
"84" 1 1.00112742848093 0.490391641983969 1
"85" 1 -1.3644527069247 1.7 0
"86" 1 -0.216450582389615 0.922206326387395 1
"87" 1 1.69688629183552 0.302276215571116 1
"88" 1 1.38379480332596 0.880662824395647 1
"89" 1 1.34900686015823 0.591760689514852 1
"90" 1 -1.12093710475059 0.839710876808463 1
"91" 1 -1.26008887742151 1.7 0
"92" 1 0.54888416730044 0.26829465335268 1
"93" 1 -0.529542070899183 0.339113029852428 1
"94" 1 0.54888416730044 1.36384342983429 1
"95" 1 -0.599117957234642 1.7 0
"96" 1 -1.08614916158286 1.42150999816394 1
"97" 1 1.00112742848093 0.572620550492326 1
"98" 1 -1.39924065009243 0.573771476992333 1
"99" 1 -0.112086752886425 0.556472881080176 1
"100" 1 0.0618529629522235 1.10976128126667 1
"101" 1 0.340156508294062 1.0167699554794 1
"102" 1 -0.564330014066913 0.323180081359238 1
"103" 1 -0.0425108665509658 1.7 0
"104" 1 1.59252246233233 0.668203588516495 1
"105" 1 -0.0425108665509658 1.7 0
"106" 1 1.38379480332596 1.7 0
"107" 1 1.45337068966141 1.0260704355263 1
"108" 1 0.374944451461792 0.398710576650095 1
"109" 1 -0.286026468725074 0.414016522646046 1
"110" 1 -1.22530093425378 0.721428237001349 1
"111" 1 1.52294657599687 0.455579098160085 1
"112" 1 -0.668693843570102 0.576297365256995 1
"113" 1 -1.50360447959562 1.7 0
"114" 1 1.5577345191646 1.14224186851609 1
"115" 1 0.792399769474549 0.477071582281807 1
"116" 1 -1.22530093425378 0.835583252615053 1
"117" 1 0.166216792455413 1.7 0
"118" 1 1.59252246233233 0.377028090008942 1
"119" 1 0.305368565126332 0.416431471972401 1
"120" 1 -0.320814411892804 0.772382276599423 1
"121" 1 0.514096224132711 0.50464127310796 1
"122" 1 -0.633905900402372 0.698492540984174 1
"123" 1 -0.668693843570102 0.508397022126837 1
"124" 1 -0.98178533207967 0.341959124750674 1
"125" 1 -0.459966184563723 0.538501320358383 1
"126" 1 1.69688629183552 0.420778666726886 1
"127" 1 -1.19051299108605 1.7 0
"128" 1 -1.39924065009243 0.497611995038208 1
"129" 1 -1.22530093425378 0.389428767449109 1
"130" 1 0.68803593997136 0.306734240440128 1
"131" 1 0.409732394629521 1.7 0
"132" 1 1.38379480332596 0.643115851351936 1
"133" 1 0.6184600536359 1.7 0
"134" 1 0.827187712642279 1.17699596278344 1
"135" 1 0.0966409061199533 1.7 0
"136" 1 0.54888416730044 1.15622952953557 1
"137" 1 1.14027920115185 1.7 0
"138" 1 1.00112742848093 0.627087854859292 1
"139" 1 1.66209834866779 1.7 0
"140" 1 -0.216450582389615 0.30812024932394 1
"141" 1 -0.633905900402372 1.7 0
"142" 1 -0.320814411892804 0.676643486223409 1
"143" 1 -1.67754419543427 1.13743072179805 1
"144" 1 -1.08614916158286 0.732639343561671 1
"145" 1 1.20985508748731 1.36716686436358 1
"146" 1 -0.91220944574421 1.7 0
"147" 1 -0.91220944574421 0.906093426436448 1
"148" 1 -1.46881653642789 0.397963319593688 1
"149" 1 -0.877421502576481 1.7 0
"150" 1 0.827187712642279 0.459382045598732 1
"151" 1 1.20985508748731 0.862425120066749 1
"152" 1 -0.00772292338323606 0.509710665986366 1
"153" 1 -0.390390298228264 0.345138855526672 1
"154" 1 -0.877421502576481 0.339825073207951 1
"155" 1 -1.32966476375697 1.7 0
"156" 1 -0.390390298228264 0.745412478807987 1
"157" 1 0.270580621958602 0.451423984510518 1
"158" 1 -0.98178533207967 1.0652188686555 1
"159" 1 -0.181662639221885 0.949395351471206 1
"160" 1 -0.98178533207967 0.438111396229436 1
"161" 1 0.0270650197844937 0.605004792134921 1
"162" 1 -0.494754127731453 0.517974691067652 1
"163" 1 0.514096224132711 0.38465623547245 1
"164" 1 -0.425178241395993 1.7 0
"165" 1 -0.494754127731453 1.7 0
"166" 1 0.131428849287683 0.94142287851789 1
"167" 1 0.861975655810008 0.275485449847506 1
"168" 1 -0.94699738891194 1.7 0
"169" 1 -0.286026468725074 0.619382754580226 1
"170" 1 -0.807845616241021 1.49279702678887 1
"171" 1 0.444520337797251 1.7 0
"172" 1 -1.08614916158286 0.499747586937531 1
"173" 1 1.27943097382277 1.7 0
"174" 1 0.861975655810008 1.32828204943895 1
"175" 1 0.58367211046817 0.477642318490249 1
"176" 1 0.409732394629521 0.355950523496693 1
"177" 1 -0.425178241395993 1.7 0
"178" 1 0.0966409061199533 1.7 0
"179" 1 1.3142189169905 0.367213600701979 1
"180" 1 0.305368565126332 0.805690578228413 1
"181" 1 1.17506714431958 0.372984215334765 1
"182" 1 -0.633905900402372 1.58581019777397 1
"183" 1 0.722823883139089 0.683872247671493 1
"184" 1 -0.807845616241021 0.363282076410535 1
"185" 1 0.340156508294062 0.450811795328877 1
"186" 1 -0.0425108665509658 1.41858580304125 1
"187" 1 -0.807845616241021 1.7 0
"188" 1 0.235792678790872 1.30524396690395 1
"189" 1 1.45337068966141 0.516348400798155 1
"190" 1 1.41858274649369 0.43237061431018 1
"191" 1 -0.773057673073291 0.986382015522003 1
"192" 1 -0.599117957234642 0.493913826420127 1
"193" 1 1.69688629183552 1.7 0
"194" 1 0.409732394629521 1.7 0
"195" 1 1.52294657599687 0.636884604621495 1
"196" 1 -0.112086752886425 1.7 0
"197" 1 -0.320814411892804 0.832659381591029 1
"198" 1 0.54888416730044 0.271476356811617 1
"199" 1 -1.19051299108605 1.7 0
"200" 1 0.270580621958602 1.00220616743403 1
"201" 1 -0.91220944574421 1.47279130372003 1
"202" 1 1.62731040550006 0.321251570700817 1
"203" 1 0.374944451461792 1.1782201615701 1
"204" 1 0.0618529629522235 1.7 0
"205" 1 -0.320814411892804 0.557810590584149 1
"206" 1 1.34900686015823 0.681066043704217 1
"207" 1 -0.459966184563723 1.7 0
"208" 1 -0.738269729905562 0.576291695355661 1
"209" 1 -1.12093710475059 0.428444518524135 1
"210" 1 -1.12093710475059 0.362912203179154 1
"211" 1 -0.0425108665509658 0.908671465530141 1
"212" 1 -0.842633559408751 1.52323359486509 1
"213" 1 -0.98178533207967 1.7 0
"214" 1 0.6184600536359 1.7 0
"215" 1 -1.57318036593108 1.7 0
"216" 1 0.722823883139089 0.76413254028178 1
"217" 1 -0.494754127731453 1.32412398742454 1
"218" 1 -0.320814411892804 0.266806725822441 1
"219" 1 1.14027920115185 0.367971153167721 1
"220" 1 1.45337068966141 0.3447123067002 1
"221" 1 -0.738269729905562 1.7 0
"222" 1 1.62731040550006 0.926337109717991 1
"223" 1 0.792399769474549 1.7 0
"224" 1 0.65324799680363 0.704039950076855 1
"225" 1 -1.53839242276335 0.430741021364865 1
"226" 1 -0.355602355060534 0.916147768094147 1
"227" 1 -0.0772988097186956 0.461470975705398 1
"228" 1 0.235792678790872 1.13155919349526 1
"229" 1 0.68803593997136 0.797492635487796 1
"230" 1 1.45337068966141 0.705326549714491 1
"231" 1 0.409732394629521 0.538214424945414 1
"232" 1 -0.251238525557345 0.38479469862441 1
"233" 1 0.166216792455413 0.640371237149213 1
"234" 1 -1.53839242276335 0.739909259071686 1
"235" 1 -0.807845616241021 1.07061243062237 1
"236" 1 -0.355602355060534 0.498057745963173 1
"237" 1 -1.05136121841513 1.7 0
"238" 1 1.17506714431958 1.7 0
"239" 1 -1.19051299108605 0.397149135718408 1
"240" 1 1.07070331481639 0.441398661362154 1
"241" 1 0.166216792455413 0.551837543678178 1
"242" 1 0.58367211046817 1.4689406383772 1
"243" 1 -1.12093710475059 0.435735136738782 1
"244" 1 0.479308280964981 1.21516748090162 1
"245" 1 -0.633905900402372 1.7 0
"246" 1 0.792399769474549 1.7 0
"247" 1 -0.355602355060534 1.7 0
"248" 1 1.62731040550006 1.33699830269501 1
"249" 1 1.62731040550006 0.811022798830194 1
"250" 1 0.792399769474549 1.7 0
"251" 1 -0.842633559408751 0.423215027545723 1
"252" 1 -0.94699738891194 0.535879242579904 1
"253" 1 0.340156508294062 0.662762877792517 1
"254" 1 -0.807845616241021 1.7 0
"255" 1 0.131428849287683 1.7 0
"256" 1 1.00112742848093 0.526871747006734 1
"257" 1 -1.15572504791832 0.840650504614484 1
"258" 1 -0.320814411892804 1.7 0
"259" 1 -0.0772988097186956 0.678455234061024 1
"260" 1 1.27943097382277 0.550196624636428 1
"261" 1 1.48815863282914 0.53914758745105 1
"262" 1 1.34900686015823 0.73486435630761 1
"263" 1 0.6184600536359 0.569091187336298 1
"264" 1 1.59252246233233 1.7 0
"265" 1 0.0618529629522235 1.09755161121596 1
"266" 1 0.270580621958602 0.549587987831826 1
"267" 1 -0.564330014066913 1.54421497335924 1
"268" 1 -0.529542070899183 1.25247276543353 1
"269" 1 -1.64275625226654 1.7 0
"270" 1 0.0270650197844937 1.7 0
"271" 1 1.3142189169905 0.766566410338394 1
"272" 1 -1.712332138602 1.7 0
"273" 1 -1.46881653642789 1.7 0
"274" 1 -1.15572504791832 0.897338738333708 1
"275" 1 0.966339485313198 1.7 0
"276" 1 0.827187712642279 0.496602030222033 1
"277" 1 1.66209834866779 0.483766272636547 1
"278" 1 -0.112086752886425 1.7 0
"279" 1 -1.46881653642789 0.599067499561644 1
"280" 1 0.514096224132711 0.641374980868159 1
"281" 1 0.896763598977738 1.378256696149 1
"282" 1 -1.26008887742151 0.472654732795733 1
"283" 1 -0.355602355060534 1.7 0
"284" 1 -0.94699738891194 1.7 0
"285" 1 -1.53839242276335 0.503316632614137 1
"286" 1 -0.355602355060534 0.294834118476612 1
"287" 1 -1.50360447959562 0.771253869722291 1
"288" 1 -0.94699738891194 0.522728019152316 1
"289" 1 -1.53839242276335 1.7 0
"290" 1 0.6184600536359 0.390705804634763 1
"291" 1 -0.703481786737832 1.7 0
"292" 1 -1.3644527069247 0.491629898633841 1
"293" 1 -1.46881653642789 1.7 0
"294" 1 1.34900686015823 0.469235195244068 1
"295" 1 0.896763598977738 1.7 0
"296" 1 1.10549125798412 1.7 0
"297" 1 1.69688629183552 0.424157212453555 1
"298" 1 -1.3644527069247 1.17205074807784 1
"299" 1 -1.39924065009243 0.592192019901456 1
"300" 1 1.03591537164866 0.659226732914169 1
"301" 1 1.00112742848093 0.33836805507778 1
"302" 1 -1.712332138602 1.7 0
"303" 1 0.966339485313198 0.673848872117872 1
"304" 1 0.792399769474549 1.7 0
"305" 1 0.479308280964981 0.58217195765394 1
"306" 1 -0.0425108665509658 0.557999288241428 1
"307" 1 -1.19051299108605 1.3475022959978 1
"308" 1 -1.712332138602 0.392442144739684 1
"309" 1 -0.146874696054155 0.476950865844491 1
"310" 1 -0.00772292338323606 1.05511610688276 1
"311" 1 -0.390390298228264 0.893941103682744 1
"312" 1 -0.112086752886425 1.00322192091657 1
"313" 1 0.757611826306819 1.29256630764831 1
"314" 1 -1.53839242276335 1.09975816016217 1
"315" 1 -0.494754127731453 0.383686215184248 1
"316" 1 1.07070331481639 0.393339323541859 1
"317" 1 1.17506714431958 0.373458533616253 1
"318" 1 -0.91220944574421 0.28832702049781 1
"319" 1 -0.494754127731453 0.347271799849432 1
"320" 1 1.24464303065504 0.594548043436736 1
"321" 1 1.24464303065504 1.7 0
"322" 1 -0.703481786737832 0.523619393915239 1
"323" 1 -1.22530093425378 0.321695375626543 1
"324" 1 0.722823883139089 0.446410184856724 1
"325" 1 -1.3644527069247 1.06867598472068 1
"326" 1 -1.60796830909881 0.491826675103609 1
"327" 1 1.73167423500325 0.467448555116345 1
"328" 1 -1.60796830909881 0.763896385923358 1
"329" 1 -0.564330014066913 0.395171229607717 1
"330" 1 1.45337068966141 1.7 0
"331" 1 0.409732394629521 0.900288969044478 1
"332" 1 -0.738269729905562 0.615113626988078 1
"333" 1 0.827187712642279 0.723963864253778 1
"334" 1 1.17506714431958 1.7 0
"335" 1 -0.633905900402372 0.437591261512915 1
"336" 1 -0.00772292338323606 0.834602915472475 1
"337" 1 0.68803593997136 1.7 0
"338" 1 0.514096224132711 0.706652336612759 1
"339" 1 0.514096224132711 0.40806432078254 1
"340" 1 1.66209834866779 0.326323257000619 1
"341" 1 -0.286026468725074 1.7 0
"342" 1 -1.32966476375697 0.74934556769888 1
"343" 1 0.0966409061199533 0.67925357537702 1
"344" 1 -0.94699738891194 1.7 0
"345" 1 -0.0425108665509658 0.392938742524578 1
"346" 1 -0.425178241395993 1.00870327209008 1
"347" 1 1.69688629183552 0.495024294301743 1
"348" 1 -0.390390298228264 0.690810903005217 1
"349" 1 -0.94699738891194 1.16230954650518 1
"350" 1 0.444520337797251 0.71030396238942 1
"351" 1 -1.26008887742151 0.589613210838343 1
"352" 1 1.62731040550006 0.625028095274369 1
"353" 1 0.0618529629522235 0.269225819858886 1
"354" 1 -1.15572504791832 0.506881261817544 1
"355" 1 0.444520337797251 0.644584142974118 1
"356" 1 1.69688629183552 0.696625924278756 1
"357" 1 0.58367211046817 0.443994546330949 1
"358" 1 -0.286026468725074 1.7 0
"359" 1 -0.599117957234642 1.7 0
"360" 1 1.17506714431958 0.433910966063608 1
"361" 1 -1.22530093425378 0.568762963869805 1
"362" 1 -1.05136121841513 0.434180652192938 1
"363" 1 1.38379480332596 1.31932592893845 1
"364" 1 -0.668693843570102 1.7 0
"365" 1 -0.459966184563723 0.368196798592977 1
"366" 1 1.00112742848093 0.674139780090833 1
"367" 1 -1.05136121841513 0.713655550377439 1
"368" 1 -1.67754419543427 0.757618434466248 1
"369" 1 -0.320814411892804 1.12129314844048 1
"370" 1 -0.0425108665509658 1.3440793416913 1
"371" 1 -0.251238525557345 0.727957105961691 1
"372" 1 -0.529542070899183 0.308120687095297 1
"373" 1 1.27943097382277 0.285300684438263 1
"374" 1 -0.146874696054155 0.294174153323568 1
"375" 1 0.131428849287683 1.34474414286376 1
"376" 1 1.62731040550006 0.659211603141647 1
"377" 1 0.966339485313198 1.7 0
"378" 1 -1.0165732752474 1.7 0
"379" 1 -0.668693843570102 0.301683700957562 1
"380" 1 1.66209834866779 0.479280859017511 1
"381" 1 0.305368565126332 0.914551587713277 1
"382" 1 0.931551542145468 1.7 0
"383" 1 -0.425178241395993 1.7 0
"384" 1 0.931551542145468 0.311100778395216 1
"385" 1 0.131428849287683 0.40377430328646 1
"386" 1 1.45337068966141 0.312267946400245 1
"387" 1 -1.08614916158286 0.402670699777909 1
"388" 1 -0.738269729905562 0.534041595497199 1
"389" 1 -1.39924065009243 0.636562757715146 1
"390" 1 -0.98178533207967 0.360443451489631 1
"391" 1 1.66209834866779 0.343323265376633 1
"392" 1 -0.703481786737832 1.02825698048305 1
"393" 1 0.792399769474549 0.918965807422489 1
"394" 1 1.00112742848093 0.880548402568821 1
"395" 1 -1.3644527069247 0.856976792014988 1
"396" 1 -0.91220944574421 0.55578622557925 1
"397" 1 -0.773057673073291 1.7 0
"398" 1 -1.3644527069247 1.7 0
"399" 1 -1.32966476375697 0.7566488407283 1
"400" 1 1.73167423500325 0.545156827509444 1
"401" 1 1.69688629183552 0.867738624851183 1
"402" 1 -1.26008887742151 0.57162938623046 1
"403" 1 1.41858274649369 0.533544007781618 1
"404" 1 0.270580621958602 1.2710336434758 1
"405" 1 -0.355602355060534 1.7 0
"406" 1 -0.181662639221885 0.605861349486816 1
"407" 1 0.722823883139089 1.62332438205851 1
"408" 1 -1.43402859326016 1.47530662727651 1
"409" 1 -0.564330014066913 1.45883109293696 1
"410" 1 0.65324799680363 0.564500299132113 1
"411" 1 -0.633905900402372 1.7 0
"412" 1 1.17506714431958 0.633210467344095 1
"413" 1 -0.98178533207967 0.567213865856498 1
"414" 1 -0.00772292338323606 1.7 0
"415" 1 -0.773057673073291 0.628661124880209 1
"416" 1 -1.05136121841513 0.866231609097417 1
"417" 1 1.59252246233233 0.295071438014039 1
"418" 1 -0.599117957234642 1.7 0
"419" 1 -0.0772988097186956 1.07865170203274 1
"420" 1 -1.64275625226654 1.7 0
"421" 1 0.166216792455413 1.7 0
"422" 1 0.514096224132711 1.7 0
"423" 1 0.340156508294062 0.98293443748893 1
"424" 1 -0.599117957234642 0.474393110383109 1
"425" 1 1.38379480332596 1.40307313957751 1
"426" 1 0.444520337797251 1.04646392199299 1
"427" 1 -0.668693843570102 0.628053554361043 1
"428" 1 -0.390390298228264 0.828135441890293 1
"429" 1 -1.15572504791832 1.7 0
"430" 1 1.27943097382277 0.519109933749117 1
"431" 1 1.59252246233233 0.61810146089425 1
"432" 1 0.235792678790872 0.496267806682153 1
"433" 1 -0.599117957234642 0.595405671283599 1
"434" 1 1.73167423500325 0.563163728704956 1
"435" 1 -0.91220944574421 1.7 0
"436" 1 0.409732394629521 0.584326774549809 1
"437" 1 -1.3644527069247 1.7 0
"438" 1 -0.0425108665509658 0.729804587140562 1
"439" 1 -1.39924065009243 1.7 0
"440" 1 -1.15572504791832 1.7 0
"441" 1 -0.738269729905562 0.791741881456584 1
"442" 1 0.305368565126332 0.334679386008102 1
"443" 1 0.827187712642279 0.432355093115339 1
"444" 1 -1.15572504791832 0.298870093900753 1
"445" 1 1.27943097382277 0.377240717443908 1
"446" 1 0.722823883139089 0.604870174361136 1
"447" 1 0.931551542145468 0.354190717843757 1
"448" 1 -1.22530093425378 1.7 0
"449" 1 -0.494754127731453 0.436001107042065 1
"450" 1 0.6184600536359 1.7 0
"451" 1 0.0966409061199533 0.904585187110845 1
"452" 1 -0.529542070899183 0.957366303379508 1
"453" 1 -0.877421502576481 0.671262171471401 1
"454" 1 -1.53839242276335 1.7 0
"455" 1 -0.91220944574421 0.513089019749447 1
"456" 1 1.38379480332596 1.7 0
"457" 1 1.10549125798412 0.438380054267233 1
"458" 1 0.861975655810008 0.936375874384316 1
"459" 1 -1.19051299108605 1.7 0
"460" 1 -1.29487682058924 0.679025202115571 1
"461" 1 1.66209834866779 0.486085961063449 1
"462" 1 -0.216450582389615 1.1972551450967 1
"463" 1 -0.112086752886425 1.1779856741702 1
"464" 1 -1.15572504791832 1.7 0
"465" 1 0.305368565126332 0.467614858731348 1
"466" 1 -0.773057673073291 1.7 0
"467" 1 -0.91220944574421 0.441615663356112 1
"468" 1 0.68803593997136 0.483680992851824 1
"469" 1 -0.738269729905562 0.814359425546438 1
"470" 1 1.10549125798412 1.7 0
"471" 1 -1.39924065009243 0.81006407138624 1
"472" 1 1.14027920115185 1.01979427880207 1
"473" 1 -0.251238525557345 1.7 0
"474" 1 0.896763598977738 1.7 0
"475" 1 0.58367211046817 1.10309919439019 1
"476" 1 -0.181662639221885 0.420511839969499 1
"477" 1 0.444520337797251 0.856514651610276 1
"478" 1 -1.712332138602 1.7 0
"479" 1 -0.98178533207967 1.7 0
"480" 1 0.722823883139089 0.291012698639964 1
"481" 1 -0.98178533207967 1.32368681061803 1
"482" 1 1.10549125798412 1.09594855022772 1
"483" 1 -0.668693843570102 0.540245500420115 1
"484" 1 0.65324799680363 0.434586184698285 1
"485" 1 1.52294657599687 0.910615451818347 1
"486" 1 -1.32966476375697 1.05371025973381 1
"487" 1 -1.29487682058924 0.381888160121231 1
"488" 1 0.6184600536359 0.512113196099885 1
"489" 1 -0.251238525557345 0.669152177651858 1
"490" 1 1.17506714431958 1.00568928318126 1
"491" 1 1.66209834866779 1.11090894517921 1
"492" 1 -1.46881653642789 1.7 0
"493" 1 -0.146874696054155 0.64087545819586 1
"494" 1 0.722823883139089 0.366182000189332 1
"495" 1 -1.43402859326016 0.654776175983397 1
"496" 1 1.73167423500325 0.907046656949045 1
"497" 1 -0.842633559408751 1.7 0
"498" 1 -1.57318036593108 1.7 0
"499" 1 0.65324799680363 0.476628677581477 1
"500" 1 1.00112742848093 1.7 0
"501" 1 -0.494754127731453 1.7 0
"502" 1 -0.459966184563723 0.720336947597826 1
"503" 1 -0.738269729905562 1.7 0
"504" 1 -1.46881653642789 0.757147639415782 1
"505" 1 -0.459966184563723 0.380729892496019 1
"506" 1 -1.12093710475059 1.7 0
"507" 1 0.131428849287683 1.7 0
"508" 1 0.0270650197844937 0.33489035074393 1
"509" 1 1.5577345191646 1.40961696526464 1
"510" 1 -0.529542070899183 1.7 0
"511" 1 -0.112086752886425 0.799410789106964 1
"512" 1 -1.43402859326016 0.853139094178692 1
"513" 1 1.27943097382277 0.847179629192354 1
"514" 1 -0.355602355060534 1.7 0
"515" 1 0.827187712642279 0.629151411497077 1
"516" 1 -1.12093710475059 0.46552617773812 1
"517" 1 -0.146874696054155 0.539045891663844 1
"518" 1 0.966339485313198 0.467996094078645 1
"519" 1 -1.50360447959562 0.647416246177959 1
"520" 1 1.10549125798412 0.467685512397717 1
"521" 1 -0.668693843570102 1.7 0
"522" 1 -0.459966184563723 1.7 0
"523" 1 -0.633905900402372 0.364891122609552 1
"524" 1 -1.60796830909881 0.384304361137488 1
"525" 1 0.0618529629522235 0.356098639212332 1
"526" 1 0.6184600536359 0.445548081980272 1
"527" 1 1.41858274649369 0.390481482187014 1
"528" 1 -1.64275625226654 0.755551593732334 1
"529" 1 1.69688629183552 0.441353165998964 1
"530" 1 -0.668693843570102 0.350414895515162 1
"531" 1 1.52294657599687 0.669622686572058 1
"532" 1 0.65324799680363 0.537702768434219 1
"533" 1 -0.181662639221885 1.7 0
"534" 1 1.10549125798412 1.20825873792618 1
"535" 1 -1.60796830909881 0.651926205965329 1
"536" 1 0.827187712642279 0.613668475744432 1
"537" 1 -0.529542070899183 1.45289581244937 1
"538" 1 1.14027920115185 0.357325504005483 1
"539" 1 0.131428849287683 1.11070794245524 1
"540" 1 -0.773057673073291 0.410293033856135 1
"541" 1 1.07070331481639 1.04498402954864 1
"542" 1 -1.39924065009243 0.660240797336388 1
"543" 1 1.17506714431958 0.450751326364239 1
"544" 1 -0.773057673073291 0.353383150601586 1
"545" 1 0.896763598977738 0.786641032374832 1
"546" 1 1.62731040550006 1.02246660194081 1
"547" 1 -1.43402859326016 1.7 0
"548" 1 1.24464303065504 0.457324293842151 1
"549" 1 1.07070331481639 1.15923641966606 1
"550" 1 -0.390390298228264 1.7 0
"551" 1 -0.599117957234642 1.7 0
"552" 1 -1.0165732752474 1.03143041021166 1
"553" 1 0.235792678790872 0.901955986928463 1
"554" 1 1.34900686015823 1.7 0
"555" 1 0.0966409061199533 0.469531279749345 1
"556" 1 0.305368565126332 0.800449339404569 1
"557" 1 0.58367211046817 0.446807078097386 1
"558" 1 0.0966409061199533 1.7 0
"559" 1 0.0270650197844937 0.398777019802829 1
"560" 1 -1.67754419543427 1.43279921972826 1
"561" 1 -1.57318036593108 0.558655101036613 1
"562" 1 1.48815863282914 0.724986835858551 1
"563" 1 0.931551542145468 0.580778323220122 1
"564" 1 -1.0165732752474 0.530996405178132 1
"565" 1 0.54888416730044 1.7 0
"566" 1 0.54888416730044 0.725643231639133 1
"567" 1 -0.355602355060534 0.835397119836431 1
"568" 1 1.10549125798412 0.517971807992574 1
"569" 1 0.166216792455413 1.61378200809182 1
"570" 1 1.34900686015823 0.515062835072449 1
"571" 1 0.201004735623143 0.404618138529508 1
"572" 1 1.41858274649369 0.538320712083368 1
"573" 1 0.305368565126332 0.467884328569297 1
"574" 1 -0.251238525557345 1.07721894752719 1
"575" 1 1.5577345191646 0.440163478570656 1
"576" 1 0.722823883139089 0.620745721475751 1
"577" 1 -0.286026468725074 1.7 0
"578" 1 -1.67754419543427 1.7 0
"579" 1 0.235792678790872 0.315036846409086 1
"580" 1 -0.00772292338323606 1.7 0
"581" 1 1.3142189169905 0.314691474272839 1
"582" 1 1.10549125798412 0.522817392767895 1
"583" 1 1.24464303065504 1.00925652202252 1
"584" 1 -0.459966184563723 0.302317478974923 1
"585" 1 1.3142189169905 0.911434212624107 1
"586" 1 -1.19051299108605 1.16877703351173 1
"587" 1 -0.738269729905562 1.7 0
"588" 1 0.58367211046817 1.7 0
"589" 1 1.66209834866779 0.380316071677569 1
"590" 1 0.305368565126332 0.281440276397492 1
"591" 1 0.0966409061199533 0.435159265649166 1
"592" 1 -1.50360447959562 1.7 0
"593" 1 1.62731040550006 0.401373951425363 1
"594" 1 -1.29487682058924 1.6364041590134 1
"595" 1 -1.43402859326016 1.7 0
"596" 1 1.34900686015823 0.817462534579288 1
"597" 1 0.0270650197844937 0.999789326734938 1
"598" 1 -0.564330014066913 0.268099710808178 1
"599" 1 1.38379480332596 0.53327319848364 1
"600" 1 -1.60796830909881 0.321049480201204 1
"601" 1 -0.91220944574421 1.7 0
"602" 1 0.65324799680363 1.7 0
"603" 1 -0.94699738891194 0.802417159081376 1
"604" 1 -0.633905900402372 1.7 0
"605" 1 -1.12093710475059 1.7 0
"606" 1 1.07070331481639 0.493654502444997 1
"607" 1 -1.22530093425378 0.87331703704326 1
"608" 1 1.14027920115185 0.477548403540686 1
"609" 1 -0.564330014066913 0.35139811268518 1
"610" 1 -0.425178241395993 0.510028496545385 1
"611" 1 0.444520337797251 1.7 0
"612" 1 -1.39924065009243 1.7 0
"613" 1 -1.64275625226654 1.7 0
"614" 1 1.73167423500325 1.7 0
"615" 1 0.305368565126332 1.18493955991055 1
"616" 1 1.00112742848093 0.412838865485982 1
"617" 1 1.38379480332596 0.649170473533189 1
"618" 1 0.896763598977738 0.342507600397983 1
"619" 1 1.66209834866779 0.658643831545399 1
"620" 1 -1.57318036593108 0.390997854914656 1
"621" 1 1.41858274649369 0.896246814216515 1
"622" 1 1.27943097382277 1.7 0
"623" 1 0.966339485313198 0.519878650251923 1
"624" 1 -0.425178241395993 0.841688395643271 1
"625" 1 -1.57318036593108 0.736986082665391 1
"626" 1 -0.459966184563723 0.429932848115582 1
"627" 1 -0.773057673073291 0.846339434399037 1
"628" 1 1.24464303065504 1.14337329011399 1
"629" 1 -0.459966184563723 0.998744311785627 1
"630" 1 -0.668693843570102 0.658060730430281 1
"631" 1 0.896763598977738 0.279804867121647 1
"632" 1 1.20985508748731 0.461281404553445 1
"633" 1 -0.146874696054155 1.7 0
"634" 1 0.792399769474549 0.486822623453043 1
"635" 1 -1.3644527069247 1.7 0
"636" 1 -0.98178533207967 0.908652744536772 1
"637" 1 1.59252246233233 0.805027864093346 1
"638" 1 0.896763598977738 0.672600172086358 1
"639" 1 1.10549125798412 0.233408432017165 1
"640" 1 -0.286026468725074 1.7 0
"641" 1 0.340156508294062 0.743843079140967 1
"642" 1 1.03591537164866 1.7 0
"643" 1 1.34900686015823 1.7 0
"644" 1 -0.390390298228264 0.544089583830089 1
"645" 1 -1.39924065009243 1.64646752192928 1
"646" 1 0.444520337797251 0.602972211937837 1
"647" 1 0.861975655810008 0.935727513028176 1
"648" 1 -1.43402859326016 0.958495187148977 1
"649" 1 -0.668693843570102 0.575936549113059 1
"650" 1 0.409732394629521 0.383630814813781 1
"651" 1 0.896763598977738 0.523690985782426 1
"652" 1 1.45337068966141 0.321201879092004 1
"653" 1 -0.0772988097186956 0.442019583789352 1
"654" 1 0.235792678790872 1.0061003046146 1
"655" 1 0.827187712642279 1.7 0
"656" 1 1.24464303065504 0.419504564305906 1
"657" 1 1.41858274649369 1.7 0
"658" 1 -1.53839242276335 0.576681733990845 1
"659" 1 0.0270650197844937 1.08005792540042 1
"660" 1 -0.494754127731453 0.993264631035658 1
"661" 1 1.20985508748731 0.81160969183696 1
"662" 1 1.07070331481639 0.79963814971346 1
"663" 1 -1.32966476375697 0.417981710328081 1
"664" 1 0.757611826306819 1.7 0
"665" 1 -0.91220944574421 1.7 0
"666" 1 -1.46881653642789 0.424192134727949 1
"667" 1 1.52294657599687 1.12630432322165 1
"668" 1 -1.19051299108605 1.25071830198209 1
"669" 1 0.514096224132711 0.304973725566153 1
"670" 1 -1.12093710475059 0.40817148103811 1
"671" 1 -1.64275625226654 1.05047903911467 1
"672" 1 0.0966409061199533 0.743869778440377 1
"673" 1 -1.43402859326016 1.7 0
"674" 1 -0.738269729905562 0.545825287557562 1
"675" 1 -0.251238525557345 0.391018423530017 1
"676" 1 0.305368565126332 1.40987960185711 1
"677" 1 1.07070331481639 0.497323048794916 1
"678" 1 -1.0165732752474 0.6239900431734 1
"679" 1 -0.146874696054155 0.510327177727918 1
"680" 1 -0.181662639221885 1.35635300227384 1
"681" 1 0.827187712642279 0.327714294044408 1
"682" 1 0.757611826306819 0.319804451907354 1
"683" 1 1.17506714431958 0.850663885344653 1
"684" 1 1.34900686015823 0.600830854623042 1
"685" 1 1.59252246233233 1.7 0
"686" 1 0.201004735623143 0.470330242811611 1
"687" 1 0.0966409061199533 1.7 0
"688" 1 -1.12093710475059 0.462688654710137 1
"689" 1 -0.0772988097186956 1.0729457947682 1
"690" 1 -0.842633559408751 1.7 0
"691" 1 -1.60796830909881 0.475921535540991 1
"692" 1 0.479308280964981 1.37055446956536 1
"693" 1 0.131428849287683 0.817166647015861 1
"694" 1 -1.22530093425378 0.704189228146773 1
"695" 1 -0.738269729905562 0.592721573741045 1
"696" 1 0.305368565126332 0.445475142058854 1
"697" 1 -1.15572504791832 0.826403058673078 1
"698" 1 -1.39924065009243 0.638333333517333 1
"699" 1 -0.251238525557345 0.970576800786353 1
"700" 1 -0.494754127731453 1.33647181309293 1
"701" 1 1.20985508748731 0.489943328401312 1
"702" 1 -0.807845616241021 0.634775677282059 1
"703" 1 -1.64275625226654 1.7 0
"704" 1 1.27943097382277 0.450714541598243 1
"705" 1 -0.564330014066913 1.21536965105804 1
"706" 1 0.479308280964981 1.00519733789256 1
"707" 1 0.166216792455413 0.358805845843025 1
"708" 1 -0.425178241395993 0.351359545842171 1
"709" 1 -1.08614916158286 1.7 0
"710" 1 -0.251238525557345 0.546566810457685 1
"711" 1 0.479308280964981 0.559507804238255 1
"712" 1 0.0966409061199533 1.7 0
"713" 1 0.54888416730044 0.638164790255623 1
"714" 1 0.792399769474549 0.582075575678242 1
"715" 1 -0.0425108665509658 1.7 0
"716" 1 -0.390390298228264 0.264602970238657 1
"717" 1 -1.712332138602 0.577800481131503 1
"718" 1 -1.712332138602 1.7 0
"719" 1 1.73167423500325 0.764625917140804 1
"720" 1 -1.3644527069247 0.796015345585491 1
"721" 1 -0.286026468725074 1.7 0
"722" 1 0.757611826306819 0.78712949254628 1
"723" 1 0.861975655810008 0.445737432296288 1
"724" 1 1.3142189169905 0.508841159393819 1
"725" 1 0.374944451461792 1.7 0
"726" 1 0.896763598977738 1.7 0
"727" 1 1.20985508748731 1.7 0
"728" 1 0.409732394629521 1.7 0
"729" 1 1.03591537164866 0.343571065123176 1
"730" 1 -1.64275625226654 0.441770118340554 1
"731" 1 -0.286026468725074 1.7 0
"732" 1 1.3142189169905 0.265195465766695 1
"733" 1 0.514096224132711 0.410299939041155 1
"734" 1 1.48815863282914 0.673368209215831 1
"735" 1 -1.12093710475059 0.521203526851631 1
"736" 1 -0.633905900402372 1.7 0
"737" 1 1.07070331481639 0.383420027457434 1
"738" 1 1.69688629183552 1.7 0
"739" 1 -0.599117957234642 0.390796797054649 1
"740" 1 -1.712332138602 0.632861138138348 1
"741" 1 1.73167423500325 1.31104886852087 1
"742" 1 -1.22530093425378 1.7 0
"743" 1 -1.57318036593108 1.7 0
"744" 1 0.340156508294062 0.889836243992921 1
"745" 1 -0.599117957234642 0.687680740523917 1
"746" 1 0.0966409061199533 1.7 0
"747" 1 1.03591537164866 0.310604867703813 1
"748" 1 -1.50360447959562 0.724999312955699 1
"749" 1 0.68803593997136 0.557188912440722 1
"750" 1 1.5577345191646 0.643178261497927 1
"751" 1 -0.773057673073291 1.7 0
"752" 1 -0.877421502576481 0.637116663878822 1
"753" 1 -1.19051299108605 0.382616788732243 1
"754" 1 -1.46881653642789 0.292680734291161 1
"755" 1 0.201004735623143 0.408331823123658 1
"756" 1 -0.0425108665509658 1.7 0
"757" 1 -0.00772292338323606 1.7 0
"758" 1 1.34900686015823 1.68745054848293 1
"759" 1 -1.60796830909881 1.7 0
"760" 1 -1.0165732752474 0.496068441464454 1
"761" 1 0.0618529629522235 1.7 0
"762" 1 -0.91220944574421 0.47985265570463 1
"763" 1 0.270580621958602 0.452265007498162 1
"764" 1 -0.0425108665509658 0.91357481132537 1
"765" 1 0.235792678790872 0.302048539894747 1
"766" 1 -1.22530093425378 0.368135995262571 1
"767" 1 -1.22530093425378 0.655020078574244 1
"768" 1 -0.286026468725074 0.720592821689405 1
"769" 1 0.65324799680363 0.74702657382008 1
"770" 1 0.54888416730044 1.7 0
"771" 1 1.45337068966141 0.600746803198054 1
"772" 1 1.10549125798412 0.534674403707819 1
"773" 1 0.6184600536359 0.324862808104261 1
"774" 1 1.07070331481639 0.34273484528044 1
"775" 1 -1.29487682058924 0.439612071956414 1
"776" 1 -0.842633559408751 0.333960932759651 1
"777" 1 -0.564330014066913 0.193201871361365 1
"778" 1 -0.320814411892804 0.352449624431154 1
"779" 1 0.479308280964981 0.411599792671345 1
"780" 1 1.07070331481639 1.1280662693066 1
"781" 1 -0.842633559408751 1.7 0
"782" 1 1.10549125798412 0.781772520857298 1
"783" 1 -1.67754419543427 0.440972885907763 1
"784" 1 0.54888416730044 0.923051033227442 1
"785" 1 1.10549125798412 0.734190699980604 1
"786" 1 -0.112086752886425 1.7 0
"787" 1 -1.0165732752474 0.779296294167381 1
"788" 1 -1.67754419543427 1.7 0
"789" 1 -0.738269729905562 1.7 0
"790" 1 1.45337068966141 0.384809061025922 1
"791" 1 1.52294657599687 1.7 0
"792" 1 0.166216792455413 1.09609619235456 1
"793" 1 -0.98178533207967 0.536312834792174 1
"794" 1 -0.0425108665509658 0.69630076952103 1
"795" 1 1.07070331481639 0.789225229637468 1
"796" 1 -0.320814411892804 0.866322193930389 1
"797" 1 -1.3644527069247 0.551558976440535 1
"798" 1 -0.738269729905562 1.7 0
"799" 1 -0.459966184563723 0.544060577616899 1
"800" 1 -0.842633559408751 0.286407760503086 1
"801" 1 -0.0772988097186956 0.363423313781036 1
"802" 1 -0.459966184563723 0.644532821633668 1
"803" 1 -1.29487682058924 1.46590543742337 1
"804" 1 -1.57318036593108 1.06411374341958 1
"805" 1 -0.807845616241021 0.51101864230406 1
"806" 1 1.62731040550006 0.714927331570749 1
"807" 1 -0.0425108665509658 0.427357726892424 1
"808" 1 -0.0772988097186956 0.827103695784276 1
"809" 1 0.861975655810008 0.650669814675411 1
"810" 1 0.58367211046817 0.525345490819121 1
"811" 1 -1.57318036593108 1.7 0
"812" 1 0.68803593997136 0.763680962901563 1
"813" 1 -0.459966184563723 0.780946949986185 1
"814" 1 1.34900686015823 1.31080706768737 1
"815" 1 0.966339485313198 0.525994529809885 1
"816" 1 -1.26008887742151 1.02636195554838 1
"817" 1 -0.703481786737832 1.7 0
"818" 1 -1.29487682058924 0.3909521158946 1
"819" 1 0.305368565126332 1.7 0
"820" 1 0.235792678790872 0.389748968247 1
"821" 1 0.65324799680363 0.703687045718915 1
"822" 1 -0.633905900402372 1.7 0
"823" 1 0.374944451461792 0.514145065945909 1
"824" 1 1.73167423500325 0.95249910429751 1
"825" 1 0.861975655810008 1.55535124231532 1
"826" 1 -1.46881653642789 1.7 0
"827" 1 -0.146874696054155 0.577527497249798 1
"828" 1 -1.53839242276335 1.7 0
"829" 1 -0.564330014066913 1.7 0
"830" 1 0.827187712642279 1.20722016876863 1
"831" 1 -1.712332138602 0.227281942379472 1
"832" 1 0.966339485313198 1.7 0
"833" 1 -0.112086752886425 0.61665386073536 1
"834" 1 0.792399769474549 0.554197270742965 1
"835" 1 0.58367211046817 0.307930937235765 1
"836" 1 0.270580621958602 0.311732122189096 1
"837" 1 0.722823883139089 0.487652751001371 1
"838" 1 0.54888416730044 0.543179242349953 1
"839" 1 -0.738269729905562 1.7 0
"840" 1 -1.39924065009243 1.27090677078082 1
"841" 1 1.62731040550006 0.294310492377595 1
"842" 1 0.827187712642279 0.466275277001202 1
"843" 1 0.409732394629521 0.664170942370107 1
"844" 1 -1.32966476375697 1.7 0
"845" 1 0.201004735623143 0.555665159732711 1
"846" 1 -0.807845616241021 0.35134144703115 1
"847" 1 1.38379480332596 0.729089488915444 1
"848" 1 -1.712332138602 1.7 0
"849" 1 -0.91220944574421 0.411607527962328 1
"850" 1 -1.26008887742151 0.389810268357628 1
"851" 1 -0.599117957234642 1.48222423216319 1
"852" 1 0.792399769474549 0.395743379914615 1
"853" 1 1.73167423500325 1.09700397577915 1
"854" 1 0.757611826306819 0.920688534181021 1
"855" 1 0.0270650197844937 1.7 0
"856" 1 -0.216450582389615 1.09473952106622 1
"857" 1 1.5577345191646 0.601538545372632 1
"858" 1 -1.29487682058924 1.12082206675467 1
"859" 1 -1.46881653642789 0.669153987755752 1
"860" 1 1.34900686015823 0.366129821297343 1
"861" 1 -0.251238525557345 0.460844647910056 1
"862" 1 -1.57318036593108 0.366717806413595 1
"863" 1 0.514096224132711 0.848710651014767 1
"864" 1 -0.112086752886425 1.09163684410171 1
"865" 1 0.409732394629521 0.91796979759627 1
"866" 1 -0.773057673073291 0.768272356978845 1
"867" 1 -1.19051299108605 0.275462133526771 1
"868" 1 -1.32966476375697 1.54834191847478 1
"869" 1 0.0270650197844937 0.40726254889516 1
"870" 1 0.166216792455413 0.338535968800447 1
"871" 1 -1.22530093425378 0.389057714926869 1
"872" 1 -1.15572504791832 1.7 0
"873" 1 0.931551542145468 0.681626001859613 1
"874" 1 0.0966409061199533 0.808982514492529 1
"875" 1 1.27943097382277 0.296754119027287 1
"876" 1 0.6184600536359 1.51868764924788 1
"877" 1 -1.67754419543427 1.57854433295743 1
"878" 1 0.68803593997136 0.30142365636463 1
"879" 1 1.38379480332596 1.7 0
"880" 1 0.479308280964981 1.7 0
"881" 1 -1.3644527069247 1.01552006777456 1
"882" 1 1.48815863282914 0.548283836815445 1
"883" 1 0.6184600536359 1.06848510869971 1
"884" 1 -1.22530093425378 0.854914494939026 1
"885" 1 0.861975655810008 0.734895564926937 1
"886" 1 1.5577345191646 0.602803203407252 1
"887" 1 -0.251238525557345 1.7 0
"888" 1 -0.703481786737832 0.733111031624584 1
"889" 1 -0.842633559408751 1.7 0
"890" 1 -0.94699738891194 0.400385622810496 1
"891" 1 0.235792678790872 1.21150118892456 1
"892" 1 0.896763598977738 0.868335174962277 1
"893" 1 0.58367211046817 0.46121025607504 1
"894" 1 0.166216792455413 1.47546575417247 1
"895" 1 1.10549125798412 0.7555077877022 1
"896" 1 0.896763598977738 1.7 0
"897" 1 -1.64275625226654 0.325053812512043 1
"898" 1 -0.390390298228264 0.856588583827978 1
"899" 1 -1.53839242276335 0.986513700630056 1
"900" 1 1.03591537164866 1.1031302791815 1
"901" 1 1.48815863282914 0.604357654713446 1
"902" 1 0.166216792455413 1.7 0
"903" 1 1.24464303065504 0.883188148155995 1
"904" 1 0.305368565126332 1.01149947174778 1
"905" 1 0.58367211046817 1.7 0
"906" 1 0.0618529629522235 0.65091249505508 1
"907" 1 0.931551542145468 0.587815838827303 1
"908" 1 1.41858274649369 1.7 0
"909" 1 1.14027920115185 1.7 0
"910" 1 -1.46881653642789 1.7 0
"911" 1 -1.712332138602 0.324780566419614 1
"912" 1 -1.53839242276335 0.497883302731922 1
"913" 1 1.27943097382277 0.34237926486329 1
"914" 1 0.270580621958602 0.524885367357417 1
"915" 1 -0.633905900402372 0.29678755275548 1
"916" 1 1.59252246233233 0.62359346430266 1
"917" 1 0.340156508294062 1.7 0
"918" 1 0.131428849287683 1.7 0
"919" 1 -0.390390298228264 0.338225735672085 1
"920" 1 -0.633905900402372 1.7 0
"921" 1 1.07070331481639 0.381838228127293 1
"922" 1 -1.57318036593108 1.7 0
"923" 1 -0.459966184563723 0.917009024491658 1
"924" 1 1.24464303065504 0.553704594793191 1
"925" 1 0.68803593997136 0.646947919217351 1
"926" 1 0.65324799680363 0.754960368444707 1
"927" 1 -0.529542070899183 0.573909382513717 1
"928" 1 0.201004735623143 0.302754754668076 1
"929" 1 -1.26008887742151 1.04480375977773 1
"930" 1 1.00112742848093 1.7 0
"931" 1 1.34900686015823 1.11199657986931 1
"932" 1 -1.0165732752474 1.7 0
"933" 1 0.966339485313198 0.443431338005424 1
"934" 1 0.340156508294062 0.336258006628025 1
"935" 1 1.59252246233233 0.402941788794933 1
"936" 1 -1.19051299108605 0.523707225209586 1
"937" 1 0.0966409061199533 1.7 0
"938" 1 1.3142189169905 0.628574154635532 1
"939" 1 1.27943097382277 0.548916382319416 1
"940" 1 -1.64275625226654 1.7 0
"941" 1 1.66209834866779 0.366914807266148 1
"942" 1 -0.00772292338323606 1.7 0
"943" 1 -0.390390298228264 0.955269237001341 1
"944" 1 -0.286026468725074 1.7 0
"945" 1 -1.39924065009243 0.617526881267218 1
"946" 1 -1.15572504791832 0.927082540109116 1
"947" 1 -0.320814411892804 0.43933619281526 1
"948" 1 -0.529542070899183 0.556325967309118 1
"949" 1 -0.286026468725074 1.17423401798847 1
"950" 1 -0.668693843570102 0.272339027049717 1
"951" 1 0.235792678790872 0.847033485893285 1
"952" 1 -1.19051299108605 0.78620845205154 1
"953" 1 1.59252246233233 0.375191779370322 1
"954" 1 -1.57318036593108 1.7 0
"955" 1 -0.425178241395993 0.869340674173461 1
"956" 1 1.62731040550006 0.469036092241171 1
"957" 1 0.514096224132711 0.367146761009192 1
"958" 1 -1.50360447959562 1.7 0
"959" 1 -0.320814411892804 0.709151317891382 1
"960" 1 -0.251238525557345 1.7 0
"961" 1 0.0270650197844937 0.624348600485405 1
"962" 1 -0.181662639221885 0.817234055476638 1
"963" 1 0.444520337797251 0.360773733688459 1
"964" 1 -1.26008887742151 0.93971031053569 1
"965" 1 1.41858274649369 0.493262593056324 1
"966" 1 0.235792678790872 1.05805855748714 1
"967" 1 0.166216792455413 0.585424101176988 1
"968" 1 -1.32966476375697 0.332095804314402 1
"969" 1 0.931551542145468 0.616359795055526 1
"970" 1 -0.0772988097186956 0.412822815537671 1
"971" 1 1.00112742848093 0.473893712059897 1
"972" 1 -1.57318036593108 1.7 0
"973" 1 1.10549125798412 0.567379945218185 1
"974" 1 -0.807845616241021 0.809539990955327 1
"975" 1 -0.738269729905562 0.487885320519761 1
"976" 1 0.514096224132711 0.765626113190508 1
"977" 1 1.5577345191646 0.296448846575237 1
"978" 1 -1.712332138602 1.7 0
"979" 1 -0.494754127731453 0.492050151998697 1
"980" 1 -0.286026468725074 1.01925233450224 1
"981" 1 -0.146874696054155 0.540009289369706 1
"982" 1 0.757611826306819 0.345643836626491 1
"983" 1 1.45337068966141 0.529542427582815 1
"984" 1 0.444520337797251 0.241564688170485 1
"985" 1 1.41858274649369 0.255988308271182 1
"986" 1 0.896763598977738 0.996577897286639 1
"987" 1 -1.26008887742151 1.03834541810634 1
"988" 1 -1.19051299108605 0.715469367413952 1
"989" 1 -1.05136121841513 1.7 0
"990" 1 -0.216450582389615 1.7 0
"991" 1 -1.43402859326016 1.7 0
"992" 1 -0.94699738891194 0.870922620254858 1
"993" 1 0.270580621958602 0.711278011243621 1
"994" 1 -0.320814411892804 0.394405745785682 1
"995" 1 0.235792678790872 1.7 0
"996" 1 1.14027920115185 0.403699237672531 1
"997" 1 0.514096224132711 0.247171554802434 1
"998" 1 -0.355602355060534 1.7 0
"999" 1 0.722823883139089 0.844453619951182 1
"1000" 1 -1.3644527069247 1.7 0
